6
4
Top Bike Shop
Cars r Us
Everything Electronic
The Hot Chocolate Emporium
Morgan
0    30 100  50 120 
30    0 100  80  60 
100 110   0  30  60 
50   80  40   0  60 
120  60  90  70   0 
3
Top Bike Shop
Cars r Us
far away
Morgan
0  1  1  2 
1  0  1  4 
1  1  0  10  
2  4  10  0
5
A
B
C
D
E
Morgan
0     1 100 100 100 100
100   0   1 100 100 100 
100 100   0   1 100 100 
100 100 100   0   1 100 
100 100 100 100   0   1 
1   100 100 100 100   0
9
S1
S2
S3
S4
S5
S6
S7
S8
S9
Morgan
0 384 502 278 416 294 336 387 493 150 
422 0 363 28 191 75 264 427 41 427 
190 237 0 212 369 68 430 283 31 363
124 68 136 0 430 303 23 59 70 168 
264 457 12 43 0 230 374 422 420 285
38 199 325 400 371 0 414 27 92 481 
457 374 471 171 497 282 0 306 426 85 
328 337 6 347 230 314 358 0 125 396
83 46 315 368 435 365 44 251 0 88 
309 277 179 289 85 404 152 255 600 0
4
S1
S2
S3
S4
Morgan
0 0 0 0 0
0 0 0 0 0
0 0 0 0 0
0 0 0 0 0
0 0 0 0 0
4
S1
S2
S3
S4
Morgan
0 10 10 10 0
10 0 0 10 10
0 10 0 10 10
10 0 10 0 10
10 10 10 0 0
